24
50
0 6 138
6 0 138
0 5 138
5 0 138
0 9 122
9 0 122
1 6 138
6 1 138
1 8 138
8 1 138
1 2 140
2 1 140
2 7 138
7 2 138
2 3 140
3 2 140
3 5 138
5 3 138
3 10 122
10 3 122
4 7 138
7 4 138
4 8 138
8 4 138
4 14 109
14 4 109
5 11 147
11 5 147
6 12 147
12 6 147
7 13 147
13 7 147
11 15 109
15 11 109
11 16 109
16 11 109
11 17 109
17 11 109
12 18 109
18 12 109
12 19 109
19 12 109
12 20 109
20 12 109
13 21 109
21 13 109
13 22 109
22 13 109
13 23 109
23 13 109
